
SUMMARISING RUN PARAMETERS
==========================
Input filename: SRR18543814_2.fastq.gz
Trimming mode: paired-end
Trim Galore version: 0.6.4
Cutadapt version: 2.5
Number of cores used for trimming: 1
Quality Phred score cutoff: 20
Quality encoding type selected: ASCII+33
Adapter sequence: 'CTGTCTCTTATA' (Nextera Transposase sequence; user defined)
Maximum trimming error rate: 0.1 (default)
Minimum required adapter overlap (stringency): 1 bp
Minimum required sequence length for both reads before a sequence pair gets removed: 20 bp
Running FastQC on the data once trimming has completed
Output file will be GZIP compressed


This is cutadapt 2.5 with Python 3.7.3
Command line parameters: -j 1 -e 0.1 -q 20 -O 1 -a CTGTCTCTTATA SRR18543814_2.fastq.gz
Processing reads on 1 core in single-end mode ...
Finished in 145.09 s (120 us/read; 0.50 M reads/minute).

=== Summary ===

Total reads processed:               1,213,942
Reads with adapters:                   592,611 (48.8%)
Reads written (passing filters):     1,213,942 (100.0%)

Total basepairs processed:   284,787,051 bp
Quality-trimmed:               7,085,668 bp (2.5%)
Total written (filtered):    276,794,002 bp (97.2%)

=== Adapter 1 ===

Sequence: CTGTCTCTTATA; Type: regular 3'; Length: 12; Trimmed: 592611 times.

No. of allowed errors:
0-9 bp: 0; 10-12 bp: 1

Bases preceding removed adapters:
  A: 24.9%
  C: 26.5%
  G: 32.1%
  T: 16.5%
  none/other: 0.1%

Overview of removed sequences
length	count	expect	max.err	error counts
1	521943	303485.5	0	521943
2	38875	75871.4	0	38875
3	20919	18967.8	0	20919
4	2303	4742.0	0	2303
5	1641	1185.5	0	1641
6	248	296.4	0	248
7	222	74.1	0	222
8	100	18.5	0	100
9	233	4.6	0	219 14
10	171	1.2	1	96 75
11	330	0.3	1	187 143
12	265	0.1	1	96 169
13	360	0.1	1	166 194
14	202	0.1	1	48 154
15	163	0.1	1	38 125
16	295	0.1	1	36 259
17	133	0.1	1	19 114
18	102	0.1	1	29 73
19	69	0.1	1	17 52
20	58	0.1	1	11 47
21	114	0.1	1	23 91
22	126	0.1	1	39 87
23	143	0.1	1	42 101
24	98	0.1	1	28 70
25	68	0.1	1	15 53
26	73	0.1	1	19 54
27	109	0.1	1	27 82
28	161	0.1	1	41 120
29	168	0.1	1	46 122
30	100	0.1	1	24 76
31	116	0.1	1	32 84
32	147	0.1	1	37 110
33	153	0.1	1	53 100
34	147	0.1	1	49 98
35	135	0.1	1	43 92
36	106	0.1	1	36 70
37	117	0.1	1	33 84
38	111	0.1	1	45 66
39	107	0.1	1	40 67
40	54	0.1	1	26 28
41	54	0.1	1	20 34
42	45	0.1	1	19 26
43	39	0.1	1	12 27
44	50	0.1	1	20 30
45	64	0.1	1	33 31
46	48	0.1	1	23 25
47	76	0.1	1	36 40
48	61	0.1	1	29 32
49	44	0.1	1	22 22
50	57	0.1	1	24 33
51	42	0.1	1	22 20
52	38	0.1	1	16 22
53	27	0.1	1	9 18
54	31	0.1	1	14 17
55	26	0.1	1	16 10
56	27	0.1	1	10 17
57	28	0.1	1	16 12
58	27	0.1	1	16 11
59	24	0.1	1	12 12
60	16	0.1	1	7 9
61	19	0.1	1	10 9
62	19	0.1	1	5 14
63	21	0.1	1	9 12
64	9	0.1	1	6 3
65	13	0.1	1	5 8
66	7	0.1	1	4 3
67	7	0.1	1	3 4
68	13	0.1	1	7 6
69	8	0.1	1	4 4
70	11	0.1	1	2 9
71	16	0.1	1	7 9
72	17	0.1	1	6 11
73	18	0.1	1	8 10
74	28	0.1	1	8 20
75	26	0.1	1	6 20
76	21	0.1	1	8 13
77	33	0.1	1	14 19
78	51	0.1	1	18 33
79	51	0.1	1	22 29
80	76	0.1	1	41 35
81	43	0.1	1	26 17
82	41	0.1	1	26 15
83	13	0.1	1	4 9
84	8	0.1	1	6 2
85	3	0.1	1	2 1
87	2	0.1	1	1 1
88	3	0.1	1	0 3
89	2	0.1	1	0 2
90	4	0.1	1	0 4
91	1	0.1	1	0 1
94	4	0.1	1	0 4
97	3	0.1	1	1 2
98	1	0.1	1	0 1
99	2	0.1	1	1 1
100	1	0.1	1	0 1
101	3	0.1	1	0 3
102	4	0.1	1	2 2
104	3	0.1	1	0 3
105	4	0.1	1	0 4
106	3	0.1	1	0 3
107	3	0.1	1	0 3
108	3	0.1	1	0 3
109	2	0.1	1	0 2
110	1	0.1	1	0 1
111	4	0.1	1	0 4
116	1	0.1	1	0 1
117	3	0.1	1	0 3
118	2	0.1	1	0 2
119	1	0.1	1	0 1
120	1	0.1	1	0 1
121	1	0.1	1	0 1
122	2	0.1	1	0 2
123	1	0.1	1	0 1
124	5	0.1	1	0 5
125	2	0.1	1	1 1
126	2	0.1	1	0 2
127	2	0.1	1	0 2
128	2	0.1	1	0 2
129	2	0.1	1	0 2
130	1	0.1	1	0 1
131	1	0.1	1	0 1
132	2	0.1	1	1 1
134	1	0.1	1	0 1
135	5	0.1	1	0 5
136	1	0.1	1	0 1
137	2	0.1	1	0 2
138	3	0.1	1	1 2
139	1	0.1	1	0 1
140	1	0.1	1	0 1
141	2	0.1	1	1 1
142	2	0.1	1	0 2
143	1	0.1	1	0 1
145	2	0.1	1	0 2
147	2	0.1	1	0 2
148	1	0.1	1	0 1
149	2	0.1	1	1 1
150	1	0.1	1	0 1
151	1	0.1	1	0 1
153	1	0.1	1	0 1
154	2	0.1	1	0 2
155	1	0.1	1	0 1
157	5	0.1	1	0 5
158	3	0.1	1	0 3
159	2	0.1	1	1 1
161	2	0.1	1	0 2
162	3	0.1	1	0 3
163	1	0.1	1	0 1
164	2	0.1	1	1 1
165	1	0.1	1	0 1
166	1	0.1	1	0 1
167	3	0.1	1	1 2
168	2	0.1	1	1 1
169	1	0.1	1	0 1
171	1	0.1	1	0 1
173	1	0.1	1	0 1
175	3	0.1	1	0 3
177	2	0.1	1	0 2
178	1	0.1	1	0 1
181	2	0.1	1	0 2
182	1	0.1	1	0 1
184	1	0.1	1	0 1
185	1	0.1	1	0 1
187	1	0.1	1	0 1
188	3	0.1	1	0 3
189	3	0.1	1	0 3
190	4	0.1	1	1 3
191	1	0.1	1	0 1
194	2	0.1	1	0 2
195	1	0.1	1	0 1
196	1	0.1	1	0 1
197	1	0.1	1	0 1
199	2	0.1	1	0 2
200	1	0.1	1	1
203	1	0.1	1	0 1
205	2	0.1	1	0 2
206	3	0.1	1	0 3
208	2	0.1	1	0 2
209	1	0.1	1	0 1
210	2	0.1	1	0 2
211	3	0.1	1	0 3
213	1	0.1	1	0 1
214	1	0.1	1	0 1
215	1	0.1	1	0 1
216	1	0.1	1	0 1
217	2	0.1	1	0 2
218	1	0.1	1	0 1
219	1	0.1	1	0 1
220	3	0.1	1	1 2
222	1	0.1	1	0 1
223	1	0.1	1	0 1
225	1	0.1	1	1
227	1	0.1	1	0 1
229	1	0.1	1	0 1
232	2	0.1	1	0 2
235	1	0.1	1	0 1
236	1	0.1	1	0 1
237	1	0.1	1	0 1
238	1	0.1	1	0 1
242	1	0.1	1	0 1
244	1	0.1	1	0 1
251	1	0.1	1	0 1
252	2	0.1	1	0 2
254	1	0.1	1	0 1
259	1	0.1	1	0 1
262	1	0.1	1	0 1
265	1	0.1	1	0 1
266	1	0.1	1	0 1
275	1	0.1	1	0 1
277	1	0.1	1	0 1
284	1	0.1	1	0 1
287	1	0.1	1	0 1
289	1	0.1	1	0 1
290	2	0.1	1	0 2
291	1	0.1	1	0 1
296	1	0.1	1	0 1

RUN STATISTICS FOR INPUT FILE: SRR18543814_2.fastq.gz
=============================================
1213942 sequences processed in total

