
SUMMARISING RUN PARAMETERS
==========================
Input filename: SRR18543814_1.fastq.gz
Trimming mode: paired-end
Trim Galore version: 0.6.4
Cutadapt version: 2.5
Number of cores used for trimming: 1
Quality Phred score cutoff: 20
Quality encoding type selected: ASCII+33
Adapter sequence: 'CTGTCTCTTATA' (Nextera Transposase sequence; user defined)
Maximum trimming error rate: 0.1 (default)
Minimum required adapter overlap (stringency): 1 bp
Minimum required sequence length for both reads before a sequence pair gets removed: 20 bp
Running FastQC on the data once trimming has completed
Output file will be GZIP compressed


This is cutadapt 2.5 with Python 3.7.3
Command line parameters: -j 1 -e 0.1 -q 20 -O 1 -a CTGTCTCTTATA SRR18543814_1.fastq.gz
Processing reads on 1 core in single-end mode ...
Finished in 133.37 s (110 us/read; 0.55 M reads/minute).

=== Summary ===

Total reads processed:               1,213,942
Reads with adapters:                   584,243 (48.1%)
Reads written (passing filters):     1,213,942 (100.0%)

Total basepairs processed:   284,035,110 bp
Quality-trimmed:               2,366,727 bp (0.8%)
Total written (filtered):    280,778,757 bp (98.9%)

=== Adapter 1 ===

Sequence: CTGTCTCTTATA; Type: regular 3'; Length: 12; Trimmed: 584243 times.

No. of allowed errors:
0-9 bp: 0; 10-12 bp: 1

Bases preceding removed adapters:
  A: 25.7%
  C: 26.1%
  G: 31.8%
  T: 16.4%
  none/other: 0.0%

Overview of removed sequences
length	count	expect	max.err	error counts
1	521141	303485.5	0	521141
2	36479	75871.4	0	36479
3	19291	18967.8	0	19291
4	1707	4742.0	0	1707
5	1113	1185.5	0	1113
6	217	296.4	0	217
7	112	74.1	0	112
8	74	18.5	0	74
9	78	4.6	0	68 10
10	45	1.2	1	16 29
11	132	0.3	1	55 77
12	73	0.1	1	16 57
13	97	0.1	1	27 70
14	62	0.1	1	11 51
15	61	0.1	1	6 55
16	81	0.1	1	11 70
17	51	0.1	1	10 41
18	49	0.1	1	11 38
19	28	0.1	1	5 23
20	41	0.1	1	7 34
21	82	0.1	1	18 64
22	40	0.1	1	10 30
23	33	0.1	1	4 29
24	38	0.1	1	8 30
25	30	0.1	1	6 24
26	44	0.1	1	12 32
27	51	0.1	1	19 32
28	46	0.1	1	10 36
29	97	0.1	1	17 80
30	51	0.1	1	4 47
31	36	0.1	1	11 25
32	33	0.1	1	8 25
33	29	0.1	1	4 25
34	30	0.1	1	4 26
35	48	0.1	1	12 36
36	73	0.1	1	19 54
37	48	0.1	1	9 39
38	46	0.1	1	13 33
39	50	0.1	1	10 40
40	45	0.1	1	10 35
41	81	0.1	1	16 65
42	45	0.1	1	13 32
43	50	0.1	1	12 38
44	28	0.1	1	10 18
45	15	0.1	1	7 8
46	19	0.1	1	4 15
47	21	0.1	1	7 14
48	28	0.1	1	7 21
49	33	0.1	1	12 21
50	24	0.1	1	6 18
51	22	0.1	1	8 14
52	23	0.1	1	9 14
53	43	0.1	1	14 29
54	47	0.1	1	12 35
55	45	0.1	1	14 31
56	23	0.1	1	8 15
57	31	0.1	1	11 20
58	38	0.1	1	11 27
59	32	0.1	1	7 25
60	40	0.1	1	16 24
61	25	0.1	1	6 19
62	32	0.1	1	9 23
63	38	0.1	1	14 24
64	40	0.1	1	5 35
65	59	0.1	1	10 49
66	42	0.1	1	12 30
67	42	0.1	1	15 27
68	20	0.1	1	8 12
69	42	0.1	1	15 27
70	39	0.1	1	13 26
71	45	0.1	1	22 23
72	42	0.1	1	19 23
73	54	0.1	1	20 34
74	71	0.1	1	29 42
75	223	0.1	1	73 150
76	128	0.1	1	46 82
77	244	0.1	1	134 110
78	105	0.1	1	50 55
79	22	0.1	1	7 15
80	6	0.1	1	1 5
81	8	0.1	1	2 6
82	3	0.1	1	1 2
83	4	0.1	1	2 2
84	5	0.1	1	2 3
85	2	0.1	1	1 1
86	6	0.1	1	1 5
87	7	0.1	1	3 4
88	3	0.1	1	1 2
89	2	0.1	1	0 2
90	7	0.1	1	1 6
91	6	0.1	1	0 6
92	2	0.1	1	1 1
93	5	0.1	1	1 4
94	2	0.1	1	0 2
95	3	0.1	1	0 3
96	3	0.1	1	1 2
97	2	0.1	1	0 2
98	4	0.1	1	1 3
99	2	0.1	1	0 2
100	5	0.1	1	1 4
101	1	0.1	1	0 1
102	1	0.1	1	0 1
103	2	0.1	1	0 2
104	4	0.1	1	1 3
105	6	0.1	1	0 6
106	5	0.1	1	1 4
107	2	0.1	1	0 2
108	4	0.1	1	0 4
109	4	0.1	1	0 4
110	2	0.1	1	0 2
111	7	0.1	1	0 7
112	2	0.1	1	0 2
113	2	0.1	1	0 2
114	3	0.1	1	1 2
115	2	0.1	1	1 1
116	1	0.1	1	0 1
117	3	0.1	1	1 2
118	2	0.1	1	0 2
119	2	0.1	1	0 2
120	2	0.1	1	0 2
121	3	0.1	1	0 3
122	1	0.1	1	0 1
123	3	0.1	1	0 3
124	9	0.1	1	0 9
125	2	0.1	1	0 2
126	4	0.1	1	0 4
127	2	0.1	1	1 1
128	2	0.1	1	0 2
130	2	0.1	1	0 2
131	3	0.1	1	0 3
132	2	0.1	1	0 2
133	2	0.1	1	0 2
134	2	0.1	1	0 2
135	3	0.1	1	0 3
136	3	0.1	1	2 1
137	1	0.1	1	0 1
138	3	0.1	1	0 3
139	3	0.1	1	0 3
141	1	0.1	1	0 1
143	5	0.1	1	1 4
144	3	0.1	1	0 3
145	1	0.1	1	0 1
146	1	0.1	1	0 1
147	3	0.1	1	0 3
148	5	0.1	1	1 4
149	1	0.1	1	0 1
150	1	0.1	1	0 1
151	3	0.1	1	1 2
152	4	0.1	1	0 4
153	4	0.1	1	0 4
154	4	0.1	1	1 3
156	3	0.1	1	1 2
157	3	0.1	1	0 3
158	2	0.1	1	0 2
159	1	0.1	1	0 1
160	1	0.1	1	0 1
161	1	0.1	1	0 1
162	1	0.1	1	0 1
163	1	0.1	1	0 1
164	1	0.1	1	0 1
165	1	0.1	1	0 1
166	1	0.1	1	0 1
167	3	0.1	1	1 2
168	1	0.1	1	0 1
169	2	0.1	1	0 2
170	6	0.1	1	0 6
172	5	0.1	1	0 5
173	1	0.1	1	0 1
175	1	0.1	1	0 1
176	2	0.1	1	0 2
177	3	0.1	1	1 2
178	1	0.1	1	1
179	1	0.1	1	0 1
180	4	0.1	1	0 4
182	1	0.1	1	0 1
183	2	0.1	1	0 2
184	1	0.1	1	0 1
185	4	0.1	1	0 4
186	1	0.1	1	0 1
189	2	0.1	1	0 2
190	1	0.1	1	0 1
191	1	0.1	1	0 1
193	2	0.1	1	0 2
197	1	0.1	1	0 1
198	3	0.1	1	0 3
199	4	0.1	1	0 4
200	1	0.1	1	0 1
202	1	0.1	1	0 1
203	1	0.1	1	0 1
204	1	0.1	1	0 1
205	1	0.1	1	0 1
206	2	0.1	1	0 2
209	1	0.1	1	0 1
210	1	0.1	1	0 1
213	1	0.1	1	0 1
214	2	0.1	1	0 2
215	1	0.1	1	0 1
218	2	0.1	1	0 2
220	1	0.1	1	0 1
221	1	0.1	1	0 1
222	2	0.1	1	0 2
224	1	0.1	1	0 1
225	1	0.1	1	0 1
229	1	0.1	1	0 1
233	2	0.1	1	0 2
235	1	0.1	1	0 1
238	2	0.1	1	0 2
239	1	0.1	1	0 1
244	2	0.1	1	0 2
246	3	0.1	1	0 3
247	2	0.1	1	0 2
252	1	0.1	1	0 1
253	1	0.1	1	0 1
255	1	0.1	1	0 1
257	1	0.1	1	0 1
259	1	0.1	1	0 1
261	1	0.1	1	0 1
262	2	0.1	1	0 2
265	2	0.1	1	0 2
266	1	0.1	1	0 1
267	1	0.1	1	0 1
268	2	0.1	1	0 2
269	2	0.1	1	0 2
271	1	0.1	1	0 1
272	1	0.1	1	0 1
284	1	0.1	1	0 1
289	1	0.1	1	0 1
290	1	0.1	1	0 1
291	2	0.1	1	0 2
292	2	0.1	1	0 2
293	1	0.1	1	0 1

RUN STATISTICS FOR INPUT FILE: SRR18543814_1.fastq.gz
=============================================
1213942 sequences processed in total

