
SUMMARISING RUN PARAMETERS
==========================
Input filename: SRR18543815_1.fastq.gz
Trimming mode: paired-end
Trim Galore version: 0.6.4
Cutadapt version: 2.5
Number of cores used for trimming: 1
Quality Phred score cutoff: 20
Quality encoding type selected: ASCII+33
Adapter sequence: 'CTGTCTCTTATA' (Nextera Transposase sequence; user defined)
Maximum trimming error rate: 0.1 (default)
Minimum required adapter overlap (stringency): 1 bp
Minimum required sequence length for both reads before a sequence pair gets removed: 20 bp
Running FastQC on the data once trimming has completed
Output file will be GZIP compressed


This is cutadapt 2.5 with Python 3.7.3
Command line parameters: -j 1 -e 0.1 -q 20 -O 1 -a CTGTCTCTTATA SRR18543815_1.fastq.gz
Processing reads on 1 core in single-end mode ...
Finished in 130.23 s (115 us/read; 0.52 M reads/minute).

=== Summary ===

Total reads processed:               1,129,399
Reads with adapters:                   566,176 (50.1%)
Reads written (passing filters):     1,129,399 (100.0%)

Total basepairs processed:   239,611,804 bp
Quality-trimmed:               2,865,421 bp (1.2%)
Total written (filtered):    235,729,209 bp (98.4%)

=== Adapter 1 ===

Sequence: CTGTCTCTTATA; Type: regular 3'; Length: 12; Trimmed: 566176 times.

No. of allowed errors:
0-9 bp: 0; 10-12 bp: 1

Bases preceding removed adapters:
  A: 26.0%
  C: 26.2%
  G: 31.9%
  T: 15.9%
  none/other: 0.0%

Overview of removed sequences
length	count	expect	max.err	error counts
1	501170	282349.8	0	501170
2	34864	70587.4	0	34864
3	17636	17646.9	0	17636
4	2681	4411.7	0	2681
5	1092	1102.9	0	1092
6	990	275.7	0	990
7	89	68.9	0	89
8	136	17.2	0	136
9	105	4.3	0	91 14
10	119	1.1	1	53 66
11	234	0.3	1	84 150
12	286	0.1	1	105 181
13	225	0.1	1	77 148
14	180	0.1	1	42 138
15	145	0.1	1	34 111
16	113	0.1	1	34 79
17	220	0.1	1	43 177
18	138	0.1	1	30 108
19	70	0.1	1	17 53
20	74	0.1	1	17 57
21	99	0.1	1	24 75
22	63	0.1	1	11 52
23	57	0.1	1	16 41
24	32	0.1	1	5 27
25	51	0.1	1	14 37
26	92	0.1	1	22 70
27	105	0.1	1	32 73
28	116	0.1	1	26 90
29	124	0.1	1	28 96
30	124	0.1	1	27 97
31	96	0.1	1	29 67
32	56	0.1	1	14 42
33	57	0.1	1	15 42
34	52	0.1	1	15 37
35	71	0.1	1	20 51
36	97	0.1	1	25 72
37	101	0.1	1	29 72
38	79	0.1	1	23 56
39	45	0.1	1	16 29
40	56	0.1	1	12 44
41	74	0.1	1	17 57
42	101	0.1	1	24 77
43	179	0.1	1	43 136
44	59	0.1	1	23 36
45	24	0.1	1	5 19
46	32	0.1	1	10 22
47	28	0.1	1	6 22
48	25	0.1	1	6 19
49	53	0.1	1	15 38
50	44	0.1	1	14 30
51	83	0.1	1	18 65
52	61	0.1	1	13 48
53	96	0.1	1	28 68
54	62	0.1	1	16 46
55	63	0.1	1	20 43
56	71	0.1	1	15 56
57	54	0.1	1	12 42
58	73	0.1	1	25 48
59	108	0.1	1	30 78
60	75	0.1	1	22 53
61	61	0.1	1	13 48
62	58	0.1	1	7 51
63	43	0.1	1	10 33
64	56	0.1	1	12 44
65	95	0.1	1	28 67
66	76	0.1	1	21 55
67	53	0.1	1	9 44
68	46	0.1	1	20 26
69	66	0.1	1	16 50
70	81	0.1	1	28 53
71	86	0.1	1	27 59
72	93	0.1	1	24 69
73	121	0.1	1	39 82
74	155	0.1	1	58 97
75	389	0.1	1	195 194
76	240	0.1	1	86 154
77	309	0.1	1	150 159
78	88	0.1	1	45 43
79	22	0.1	1	12 10
80	10	0.1	1	3 7
81	9	0.1	1	3 6
82	11	0.1	1	4 7
83	8	0.1	1	2 6
84	6	0.1	1	4 2
85	6	0.1	1	1 5
86	6	0.1	1	1 5
87	8	0.1	1	4 4
88	11	0.1	1	3 8
89	7	0.1	1	1 6
90	3	0.1	1	1 2
91	5	0.1	1	0 5
92	8	0.1	1	2 6
93	5	0.1	1	0 5
94	7	0.1	1	4 3
95	8	0.1	1	1 7
96	8	0.1	1	2 6
97	14	0.1	1	2 12
98	6	0.1	1	2 4
99	6	0.1	1	1 5
100	4	0.1	1	0 4
101	3	0.1	1	2 1
102	4	0.1	1	2 2
103	8	0.1	1	2 6
104	4	0.1	1	0 4
105	5	0.1	1	2 3
106	7	0.1	1	1 6
107	5	0.1	1	0 5
108	7	0.1	1	2 5
109	1	0.1	1	0 1
110	2	0.1	1	0 2
111	4	0.1	1	0 4
112	3	0.1	1	0 3
113	8	0.1	1	3 5
114	3	0.1	1	1 2
115	4	0.1	1	1 3
117	4	0.1	1	1 3
118	6	0.1	1	1 5
119	4	0.1	1	1 3
120	4	0.1	1	2 2
121	1	0.1	1	0 1
122	9	0.1	1	1 8
123	4	0.1	1	1 3
124	5	0.1	1	1 4
125	7	0.1	1	2 5
126	8	0.1	1	1 7
127	2	0.1	1	0 2
128	6	0.1	1	0 6
129	3	0.1	1	1 2
130	3	0.1	1	1 2
131	4	0.1	1	0 4
132	2	0.1	1	1 1
133	7	0.1	1	0 7
134	6	0.1	1	1 5
135	1	0.1	1	0 1
136	6	0.1	1	1 5
137	3	0.1	1	2 1
138	3	0.1	1	0 3
139	4	0.1	1	0 4
140	4	0.1	1	1 3
141	2	0.1	1	0 2
142	4	0.1	1	1 3
143	3	0.1	1	1 2
144	2	0.1	1	1 1
146	2	0.1	1	0 2
147	3	0.1	1	0 3
148	3	0.1	1	1 2
149	3	0.1	1	0 3
151	6	0.1	1	1 5
152	6	0.1	1	1 5
153	5	0.1	1	1 4
154	3	0.1	1	0 3
155	4	0.1	1	1 3
156	3	0.1	1	1 2
157	6	0.1	1	1 5
158	3	0.1	1	0 3
159	3	0.1	1	1 2
160	5	0.1	1	0 5
161	2	0.1	1	0 2
162	4	0.1	1	0 4
163	3	0.1	1	0 3
164	1	0.1	1	0 1
165	1	0.1	1	0 1
166	2	0.1	1	0 2
167	4	0.1	1	0 4
168	8	0.1	1	1 7
169	2	0.1	1	0 2
170	4	0.1	1	0 4
171	5	0.1	1	1 4
172	1	0.1	1	0 1
173	3	0.1	1	1 2
175	5	0.1	1	0 5
176	2	0.1	1	0 2
177	4	0.1	1	0 4
178	4	0.1	1	1 3
179	1	0.1	1	0 1
181	4	0.1	1	0 4
182	2	0.1	1	0 2
183	3	0.1	1	0 3
184	2	0.1	1	1 1
185	4	0.1	1	0 4
187	4	0.1	1	1 3
188	1	0.1	1	1
189	2	0.1	1	1 1
191	1	0.1	1	0 1
192	2	0.1	1	1 1
193	1	0.1	1	0 1
194	3	0.1	1	0 3
195	1	0.1	1	0 1
196	2	0.1	1	0 2
197	1	0.1	1	0 1
200	1	0.1	1	0 1
201	3	0.1	1	1 2
203	2	0.1	1	1 1
205	2	0.1	1	0 2
206	2	0.1	1	0 2
207	2	0.1	1	1 1
209	2	0.1	1	1 1
210	1	0.1	1	0 1
211	1	0.1	1	0 1
213	1	0.1	1	0 1
216	1	0.1	1	1
223	1	0.1	1	0 1
225	1	0.1	1	0 1
226	1	0.1	1	0 1
227	2	0.1	1	0 2
228	1	0.1	1	0 1
229	1	0.1	1	0 1
230	1	0.1	1	0 1
231	1	0.1	1	0 1
232	1	0.1	1	0 1
233	2	0.1	1	0 2
234	2	0.1	1	0 2
235	1	0.1	1	0 1
244	3	0.1	1	0 3
247	1	0.1	1	0 1
249	1	0.1	1	0 1
250	1	0.1	1	0 1
254	1	0.1	1	0 1
259	1	0.1	1	0 1
263	1	0.1	1	0 1
264	1	0.1	1	0 1
268	1	0.1	1	0 1
271	1	0.1	1	0 1
291	2	0.1	1	0 2
294	1	0.1	1	0 1

RUN STATISTICS FOR INPUT FILE: SRR18543815_1.fastq.gz
=============================================
1129399 sequences processed in total

Total number of sequences analysed for the sequence pair length validation: 0

Number of sequence pairs removed because at least one read was shorter than the length cutoff (20 bp): 0 (N/A%)
