
SUMMARISING RUN PARAMETERS
==========================
Input filename: SRR18543815_2.fastq.gz
Trimming mode: paired-end
Trim Galore version: 0.6.4
Cutadapt version: 2.5
Number of cores used for trimming: 1
Quality Phred score cutoff: 20
Quality encoding type selected: ASCII+33
Adapter sequence: 'CTGTCTCTTATA' (Nextera Transposase sequence; user defined)
Maximum trimming error rate: 0.1 (default)
Minimum required adapter overlap (stringency): 1 bp
Minimum required sequence length for both reads before a sequence pair gets removed: 20 bp
Running FastQC on the data once trimming has completed
Output file will be GZIP compressed


This is cutadapt 2.5 with Python 3.7.3
Command line parameters: -j 1 -e 0.1 -q 20 -O 1 -a CTGTCTCTTATA SRR18543815_2.fastq.gz
Processing reads on 1 core in single-end mode ...
Finished in 116.12 s (103 us/read; 0.58 M reads/minute).

=== Summary ===

Total reads processed:               1,129,399
Reads with adapters:                   545,951 (48.3%)
Reads written (passing filters):     1,129,399 (100.0%)

Total basepairs processed:   244,136,823 bp
Quality-trimmed:              19,740,015 bp (8.1%)
Total written (filtered):    223,417,788 bp (91.5%)

=== Adapter 1 ===

Sequence: CTGTCTCTTATA; Type: regular 3'; Length: 12; Trimmed: 545951 times.

No. of allowed errors:
0-9 bp: 0; 10-12 bp: 1

Bases preceding removed adapters:
  A: 24.8%
  C: 26.4%
  G: 32.1%
  T: 16.6%
  none/other: 0.0%

Overview of removed sequences
length	count	expect	max.err	error counts
1	472146	282349.8	0	472146
2	36743	70587.4	0	36743
3	19399	17646.9	0	19399
4	3220	4411.7	0	3220
5	1824	1102.9	0	1824
6	427	275.7	0	427
7	207	68.9	0	207
8	271	17.2	0	271
9	314	4.3	0	289 25
10	546	1.1	1	364 182
11	727	0.3	1	400 327
12	1033	0.1	1	533 500
13	777	0.1	1	353 424
14	528	0.1	1	193 335
15	338	0.1	1	108 230
16	458	0.1	1	165 293
17	416	0.1	1	97 319
18	167	0.1	1	25 142
19	115	0.1	1	18 97
20	109	0.1	1	21 88
21	208	0.1	1	46 162
22	201	0.1	1	54 147
23	177	0.1	1	41 136
24	123	0.1	1	33 90
25	140	0.1	1	32 108
26	121	0.1	1	33 88
27	147	0.1	1	41 106
28	199	0.1	1	57 142
29	222	0.1	1	70 152
30	231	0.1	1	64 167
31	194	0.1	1	50 144
32	201	0.1	1	48 153
33	289	0.1	1	80 209
34	374	0.1	1	126 248
35	268	0.1	1	82 186
36	264	0.1	1	82 182
37	207	0.1	1	65 142
38	208	0.1	1	63 145
39	173	0.1	1	55 118
40	100	0.1	1	41 59
41	114	0.1	1	45 69
42	98	0.1	1	31 67
43	72	0.1	1	25 47
44	97	0.1	1	40 57
45	105	0.1	1	40 65
46	102	0.1	1	42 60
47	105	0.1	1	49 56
48	60	0.1	1	25 35
49	64	0.1	1	30 34
50	57	0.1	1	31 26
51	49	0.1	1	14 35
52	45	0.1	1	18 27
53	22	0.1	1	7 15
54	26	0.1	1	10 16
55	17	0.1	1	7 10
56	21	0.1	1	8 13
57	21	0.1	1	10 11
58	26	0.1	1	10 16
59	32	0.1	1	13 19
60	28	0.1	1	11 17
61	13	0.1	1	6 7
62	11	0.1	1	6 5
63	8	0.1	1	5 3
64	13	0.1	1	6 7
65	13	0.1	1	3 10
66	15	0.1	1	6 9
67	3	0.1	1	0 3
68	11	0.1	1	2 9
69	15	0.1	1	4 11
70	29	0.1	1	9 20
71	10	0.1	1	5 5
72	14	0.1	1	7 7
73	36	0.1	1	10 26
74	39	0.1	1	8 31
75	42	0.1	1	14 28
76	43	0.1	1	19 24
77	59	0.1	1	23 36
78	65	0.1	1	19 46
79	71	0.1	1	37 34
80	55	0.1	1	19 36
81	46	0.1	1	26 20
82	23	0.1	1	11 12
83	8	0.1	1	3 5
84	8	0.1	1	2 6
85	9	0.1	1	4 5
86	7	0.1	1	2 5
87	2	0.1	1	1 1
88	3	0.1	1	0 3
89	7	0.1	1	1 6
90	6	0.1	1	2 4
91	5	0.1	1	2 3
92	1	0.1	1	0 1
93	5	0.1	1	1 4
94	7	0.1	1	1 6
95	4	0.1	1	1 3
96	2	0.1	1	0 2
97	4	0.1	1	1 3
98	3	0.1	1	0 3
99	4	0.1	1	2 2
100	3	0.1	1	1 2
101	3	0.1	1	1 2
102	3	0.1	1	0 3
103	4	0.1	1	0 4
104	5	0.1	1	1 4
105	5	0.1	1	0 5
106	5	0.1	1	1 4
107	4	0.1	1	1 3
108	6	0.1	1	0 6
109	4	0.1	1	0 4
110	3	0.1	1	0 3
111	5	0.1	1	0 5
112	4	0.1	1	1 3
113	4	0.1	1	0 4
114	3	0.1	1	0 3
115	7	0.1	1	1 6
116	1	0.1	1	0 1
117	2	0.1	1	0 2
118	2	0.1	1	0 2
119	1	0.1	1	0 1
120	3	0.1	1	0 3
121	2	0.1	1	0 2
122	6	0.1	1	1 5
123	7	0.1	1	0 7
124	6	0.1	1	1 5
125	2	0.1	1	0 2
127	4	0.1	1	0 4
128	5	0.1	1	2 3
129	10	0.1	1	4 6
130	1	0.1	1	0 1
131	2	0.1	1	0 2
132	6	0.1	1	2 4
133	3	0.1	1	2 1
134	1	0.1	1	0 1
135	4	0.1	1	0 4
136	5	0.1	1	2 3
138	1	0.1	1	0 1
140	1	0.1	1	1
141	2	0.1	1	0 2
142	2	0.1	1	0 2
143	1	0.1	1	0 1
144	5	0.1	1	0 5
145	2	0.1	1	0 2
147	1	0.1	1	1
148	3	0.1	1	0 3
149	3	0.1	1	0 3
150	2	0.1	1	1 1
151	1	0.1	1	0 1
152	2	0.1	1	0 2
153	2	0.1	1	0 2
154	2	0.1	1	0 2
155	1	0.1	1	0 1
156	2	0.1	1	0 2
158	2	0.1	1	0 2
159	1	0.1	1	0 1
160	2	0.1	1	0 2
161	6	0.1	1	0 6
162	1	0.1	1	0 1
163	1	0.1	1	0 1
164	1	0.1	1	0 1
165	1	0.1	1	0 1
166	4	0.1	1	0 4
168	3	0.1	1	0 3
169	2	0.1	1	0 2
170	1	0.1	1	1
171	1	0.1	1	1
172	3	0.1	1	1 2
173	2	0.1	1	0 2
174	2	0.1	1	0 2
175	3	0.1	1	0 3
176	1	0.1	1	0 1
178	1	0.1	1	0 1
179	1	0.1	1	0 1
182	1	0.1	1	0 1
183	1	0.1	1	0 1
188	1	0.1	1	1
189	1	0.1	1	0 1
193	1	0.1	1	0 1
194	1	0.1	1	0 1
195	1	0.1	1	0 1
198	1	0.1	1	1
200	2	0.1	1	0 2
201	2	0.1	1	0 2
206	1	0.1	1	0 1
209	2	0.1	1	0 2
210	1	0.1	1	0 1
213	1	0.1	1	0 1
214	2	0.1	1	0 2
215	1	0.1	1	0 1
216	1	0.1	1	0 1
217	1	0.1	1	0 1
222	1	0.1	1	0 1
223	2	0.1	1	0 2
224	1	0.1	1	0 1
228	1	0.1	1	0 1
229	2	0.1	1	1 1
230	2	0.1	1	0 2
231	1	0.1	1	0 1
233	1	0.1	1	0 1
236	1	0.1	1	0 1
241	1	0.1	1	0 1
245	1	0.1	1	0 1
251	1	0.1	1	0 1
262	1	0.1	1	0 1
266	1	0.1	1	0 1
270	1	0.1	1	0 1
271	1	0.1	1	0 1
277	1	0.1	1	0 1
279	1	0.1	1	0 1
282	1	0.1	1	0 1
283	2	0.1	1	0 2

RUN STATISTICS FOR INPUT FILE: SRR18543815_2.fastq.gz
=============================================
1129399 sequences processed in total

